13.4427969603815 66.0241819286085 0
13.4427969603815 -66.0241819286085 0
23.7566075221811 -69.17578598184529 0
119.468628723076 -7.0196726537032 0
119.468628723076 7.01967265370318 0
23.7566075221811 69.17578598184529 0
12.31338433267669 63.29973714880163 0
11.23172662439853 60.55598263282209 0
10.19815379781713 57.79375536954552 0
9.212981146794647 55.01389798300335 0
8.276509200603925 52.21725847533822 0
7.389023632251337 49.40468996811895 0
6.550795171331572 46.57705044209381 0
5.762079521440853 43.73520247546132 0
5.023117282174098 40.88001298073883 0
4.334133875729407 38.01235294030872 0
3.695339478142273 35.13309714072317 0
3.106928955171043 32.24312390584839 0
2.569081802852764 29.34331482892991 0
2.081962092747318 26.43455450366029 0
1.645718421886926 23.51773025433192 0
1.260483867446567 20.59373186515642 0
0.9263759461481413 17.66345130883398 0
0.6434965784119697 14.72778247445486 0
0.411932057265517 11.78762089481644 0
0.2317530220197455 8.84386347323877 0
0.1030144367200592 5.897408209962123 0
0.02575557337985401 2.949153928209753 0
0 -7.815970090067435e-14 0
0.02575557337979717 -2.949153928209924 0
0.1030144367200592 -5.897408209962265 0
0.231753022019717 -8.843863473238926 0
0.4119320572655454 -11.78762089481658 0
0.6434965784119697 -14.727782474455 0
0.9263759461481698 -17.66345130883415 0
1.260483867446567 -20.59373186515657 0
1.645718421886954 -23.51773025433205 0
2.081962092747318 -26.43455450366042 0
2.569081802852793 -29.34331482892999 0
3.106928955171099 -32.24312390584848 0
3.695339478142273 -35.13309714072324 0
4.334133875729435 -38.01235294030877 0
5.023117282174155 -40.88001298073885 0
5.762079521440853 -43.73520247546134 0
6.550795171331544 -46.57705044209384 0
7.389023632251337 -49.40468996811899 0
8.276509200603925 -52.21725847533826 0
9.212981146794647 -55.01389798300334 0
10.19815379781713 -57.79375536954552 0
11.2317266243985 -60.55598263282208 0
12.31338433267672 -63.2997371488016 0
14.77473886368137 -68.07401463282984 0
16.72735314240893 -69.54479021991679 0
19.0652035887866 -70.25917011845353 0
21.50640419519752 -70.13101806688735 0
26.21076191194762 -67.58203948625194 0
28.66491630171415 -65.98829299065855 0
31.11907069148069 -64.39454649506517 0
33.57322508124722 -62.80079999947178 0
36.02737947101376 -61.20705350387838 0
38.48153386078029 -59.613307008285 0
40.93568825054683 -58.0195605126916 0
43.38984264031336 -56.42581401709822 0
45.84399703007989 -54.83206752150483 0
48.29815141984643 -53.23832102591145 0
50.75230580961296 -51.64457453031805 0
53.20646019937949 -50.05082803472467 0
55.66061458914602 -48.45708153913128 0
58.11476897891255 -46.8633350435379 0
60.56892336867908 -45.26958854794451 0
63.02307775844561 -43.67584205235112 0
65.47723214821215 -42.08209555675773 0
67.9313865379787 -40.48834906116434 0
70.38554092774525 -38.89460256557093 0
72.83969531751178 -37.30085606997754 0
75.29384970727833 -35.70710957438415 0
77.74800409704486 -34.11336307879076 0
80.2021584868114 -32.51961658319737 0
82.65631287657791 -30.92587008760399 0
85.11046726634446 -29.3321235920106 0
87.56462165611097 -27.73837709641722 0
90.01877604587752 -26.14463060082382 0
92.47293043564405 -24.55088410523044 0
94.92708482541057 -22.95713760963705 0
97.38123921517712 -21.36339111404366 0
99.83539360494363 -19.76964461845028 0
102.2895479947102 -18.17589812285689 0
104.7437023844767 -16.58215162726349 0
107.1978567742432 -14.98840513167011 0
109.6520111640098 -13.39465863607671 0
112.1061655537763 -11.80091214048333 0
114.5603199435429 -10.20716564488992 0
117.0144743333094 -8.613419149296519 0
121.5056500076883 -5.153086548475753 0
122.8239904777663 -2.725005452806397 0
123.28 -4.440892065563958e-15 0
122.8239904777663 2.725005452806402 0
121.5056500076883 5.153086548475756 0
26.21076191194762 67.58203948625194 0
28.66491630171416 65.98829299065855 0
31.11907069148069 64.39454649506517 0
33.57322508124723 62.80079999947178 0
36.02737947101377 61.20705350387838 0
38.4815338607803 59.613307008285 0
40.93568825054683 58.0195605126916 0
43.38984264031338 56.42581401709822 0
45.8439970300799 54.83206752150483 0
48.29815141984643 53.23832102591145 0
50.75230580961296 51.64457453031805 0
53.20646019937949 50.05082803472467 0
55.66061458914602 48.45708153913128 0
58.11476897891255 46.8633350435379 0
60.56892336867908 45.26958854794451 0
63.02307775844561 43.67584205235112 0
65.47723214821215 42.08209555675773 0
67.9313865379787 40.48834906116434 0
70.38554092774525 38.89460256557093 0
72.8396953175118 37.30085606997754 0
75.29384970727833 35.70710957438415 0
77.74800409704487 34.11336307879076 0
80.2021584868114 32.51961658319737 0
82.65631287657793 30.92587008760399 0
85.11046726634446 29.3321235920106 0
87.56462165611099 27.73837709641722 0
90.01877604587752 26.14463060082382 0
92.47293043564405 24.55088410523044 0
94.92708482541057 22.95713760963705 0
97.38123921517712 21.36339111404366 0
99.83539360494363 19.76964461845028 0
102.2895479947102 18.17589812285689 0
104.7437023844767 16.58215162726349 0
107.1978567742432 14.98840513167011 0
109.6520111640098 13.39465863607671 0
112.1061655537763 11.80091214048333 0
114.5603199435429 10.20716564488992 0
117.0144743333094 8.613419149296519 0
21.50640419519752 70.13101806688738 0
19.06520358878659 70.25917011845354 0
16.72735314240891 69.54479021991681 0
14.77473886368135 68.07401463282984 0