0 0.0250000000000002 -9.95329887472807e-20
-0.02989058930818406 0.01300613902900654 0
0.016 0.02500001696668197 0
0.01600000000000001 -0.01500000013741435 0
0 -0.0150000001374144 1.35525271560688e-20
-0.06 -3.67394039744206e-18 -1.35029217378104e-17
-0.0009757792004094937 0.02499028555929429 0
-0.001951171091182137 0.02496112857790627 0
-0.002925786311103227 0.02491250283588472 0
-0.003899232468449222 0.02484437278531409 0
-0.004871112465600416 0.02475669110497302 0
-0.00584102288610742 0.02464939620236251 0
-0.006808551914553818 0.0245224096419432 0
-0.007773276846321104 0.0243756334621106 0
-0.008734762674901666 0.02420895464591032 0
-0.009692561508911443 0.02402225301638926 0
-0.01064620831675769 0.02381538819983368 0
-0.01159522007539842 0.02358820754878561 0
-0.01253909345502241 0.02334054577037313 0
-0.01347730222529995 0.02307222409385656 0
-0.01440929407633208 0.02278304924159801 0
-0.0153344871810469 0.02247281206675827 0
-0.01625226681362241 0.02214128769730675 0
-0.01716198490928863 0.0217882450043879 0
-0.01806295470181501 0.02141344148090494 0
-0.0189544460571033 0.02101662274965118 0
-0.01983568209008194 0.02059752509334523 0
-0.02070583447246457 0.02015587841794014 0
-0.02156401980964166 0.01969140868924102 0
-0.02240929431747219 0.0192038411466586 0
-0.02324064694209805 0.0186929005060255 0
-0.02405699816909037 0.0181583215858382 0
-0.0248571942602191 0.01759985377749073 0
-0.02563999545979291 0.01701725894190603 0
-0.02640407428322422 0.01641032081754459 0
-0.02714801023443532 0.01577885962772251 0
-0.02787029155450622 0.01512274412514905 0
-0.02856931124036464 0.0144419041560273 0
-0.02924335556967854 0.01373633200071861 0
0.001000000000000003 0.02500000000000015 0
0.002000000000000007 0.02500000000000015 0
0.00300000000000001 0.02500000000000015 0
0.004000000000000013 0.02500000000000015 0
0.005000000000000017 0.02500000000000015 0
0.006000000000000022 0.02500000000000015 0
0.007000000000000028 0.02500000000000015 0
0.00800000000000003 0.02500000000000015 0
0.009000000000000029 0.02500000000000015 0
0.01000000000000002 0.02500000000000015 0
0.01100000000000002 0.02500000000000015 0
0.01200000000000002 0.02500000000000015 0
0.01300000000000002 0.02500000000000015 0
0.01400000000000001 0.02500000000000015 0
0.01500000000000001 0.02500000000000015 0
0.016 -0.01400054169105464 0
0.016 -0.01300052736649732 0
0.016 -0.01200051304193994 0
0.016 -0.01100049871738262 0
0.016 -0.01000048439282525 0
0.016 -0.00900047006826793 0
0.016 -0.008000455743710555 0
0.016 -0.007000441419153236 0
0.016 -0.006000427094595862 0
0.016 -0.005000412770038543 0
0.016 -0.004000398445481168 0
0.016 -0.003000384120923849 0
0.016 -0.002000369796366475 0
0.016 -0.001000355471809156 0
0.016 -3.411472517811376e-07 0
0.016 0.0009996731773055378 0
0.016 0.001999687501862857 0
0.016 0.002999701826420287 0
0.016 0.003999716150977606 0
0.016 0.004999730475534925 0
0.016 0.005999744800092244 0
0.016 0.006999759124649674 0
0.016 0.007999773449206993 0
0.016 0.008999787773764312 0
0.016 0.009999802098321631 0
0.016 0.01099981642287906 0
0.016 0.01199983074743638 0
0.016 0.0129998450719937 0
0.016 0.01399985939655102 0
0.016 0.01499987372110845 0
0.016 0.01599988804566577 0
0.016 0.01699990237022309 0
0.016 0.01799991669478052 0
0.016 0.01899993101933783 0
0.016 0.01999994534389515 0
0.016 0.02099995966845258 0
0.016 0.0219999739930099 0
0.016 0.02299998831756722 0
0.016 0.02400000264212465 0
0.001000000000000003 -0.01500000013741435 0
0.002000000000000007 -0.01500000013741435 0
0.00300000000000001 -0.01500000013741435 0
0.004000000000000013 -0.01500000013741435 0
0.005000000000000017 -0.01500000013741435 0
0.006000000000000022 -0.01500000013741435 0
0.007000000000000028 -0.01500000013741435 0
0.00800000000000003 -0.01500000013741435 0
0.009000000000000029 -0.01500000013741435 0
0.01000000000000002 -0.01500000013741435 0
0.01100000000000002 -0.01500000013741435 0
0.01200000000000002 -0.01500000013741435 0
0.01300000000000002 -0.01500000013741435 0
0.01400000000000001 -0.01500000013741435 0
0.01500000000000001 -0.01500000013741435 0
-0.05987210470581444 -0.0009787840706822776 0
-0.05951647793090925 -0.001900435361166793 0
-0.05899172494753625 -0.002738357750163914 0
-0.05835129423364717 -0.003492225393867618 0
-0.05763243952880823 -0.004172117922929036 0
-0.05685911332626224 -0.004789581289995003 0
-0.05604666313107705 -0.00535471833807843 0
-0.05520516703246336 -0.005875710822609607 0
-0.05434145935258393 -0.00635904682508978 0
-0.05346032329058823 -0.006809871414374513 0
-0.0525652112521405 -0.007232293892318353 0
-0.05165867634290885 -0.007629634532031609 0
-0.05074266446428082 -0.008004617719814026 0
-0.04981867125651397 -0.00835950359894406 0
-0.04888788434485493 -0.008696175374829964 0
-0.0479512506189925 -0.009016227826904803 0
-0.04700953948923304 -0.009321021190285619 0
-0.04606338232803136 -0.009611725456818685 0
-0.04511330418403507 -0.009889354027184886 0
-0.0441597474763615 -0.01015479035282732 0
-0.04320308551241459 -0.01040881035662435 0
-0.04224363750864258 -0.01065209899393369 0
-0.04128167876861433 -0.01088526413743603 0
-0.04031744756843732 -0.01110884815181698 0
-0.03935115209212742 -0.01132333701766547 0
-0.03838297514887339 -0.0115291680933527 0
-0.03741307794116776 -0.0117267365732837 0
-0.03644160404930557 -0.01191640071650854 0
-0.03546868083143421 -0.0120984848745682 0
-0.03449442200073803 -0.01227328381192275 0
-0.03351893040670467 -0.01244106724213258 0
-0.03254229859090607 -0.0126020825345761 0
-0.03156461084424549 -0.01275655678344417 0
-0.03058594337863151 -0.01290469890034708 0
-0.02960636624216587 -0.01304670117605175 0
-0.02862594308959175 -0.01318274095748465 0
-0.02764473265072562 -0.01331298188200136 0
-0.02666278911427544 -0.01343757511502764 0
-0.02568016236885025 -0.01355666045856673 0
-0.02469689857081057 -0.01367036729360227 0
-0.02371304088233072 -0.0137788154040577 0
-0.02272862925434829 -0.01388211581862502 0
-0.02174370138171131 -0.01398037144179088 0
-0.02075829220697621 -0.01407367776981036 0
-0.01977243491339451 -0.0141621233935484 0
-0.01878616051667439 -0.01424579058703926 0
-0.01779949844996266 -0.01432475575539454 0
-0.01681247674822521 -0.01439908986787977 0
-0.01582512168923034 -0.01446885767943256 0
-0.01483745849769486 -0.01453411883417128 0
-0.01384951122753796 -0.01459492851501175 0
-0.01286130288621949 -0.01465133722387402 0
-0.01187285556660013 -0.01470339110300465 0
-0.01088419055110774 -0.0147511322224272 0
-0.009895328370249038 -0.01479459883801452 0
-0.008906288896621003 -0.01483382507704942 0
-0.007917091438866194 -0.01486884178424445 0
-0.006927754786614256 -0.01489967657346543 0
-0.005938297267169008 -0.01492635326118847 0
-0.0049487368143892 -0.01494889208659121 0
-0.003959091089904964 -0.01496730991027388 0
-0.002969377461671144 -0.01498162039844264 0
-0.001979613080495843 -0.01499183418903815 0
-0.0009898149173114717 -0.01499795904560826 0
-0.03086179819250983 0.01286359575878313 0
-0.03183209310836416 0.01271496144928764 0
-0.0328014046235588 0.01256004369127934 0
-0.0337696561777377 0.01239863380178286 0
-0.0347367634210221 0.01223050514874357 0
-0.03570263360874425 0.01205541121709526 0
-0.03666716466366741 0.0118730834422205 0
-0.03763024205750359 0.01168322914631635 0
-0.03859173893086264 0.01148552739614007 0
-0.03955150993480641 0.01127961231743357 0
-0.04050939441130851 0.01106509290215302 0
-0.04146521022888756 0.01084153977763447 0
-0.04241875053869965 0.0106084727052904 0
-0.04336977712796771 0.01036535338869564 0
-0.04431801458277257 0.01011157628143953 0
-0.04526314285309989 0.009846457426976426 0
-0.04620478649901331 0.009569221181205154 0
-0.04714250362510639 0.009278983095876277 0
-0.04807576602520318 0.008974730308798532 0
-0.04900394057902241 0.008655294818730321 0
-0.04992625329977321 0.00831932345138486 0
-0.0508417614786037 0.007965232576262443 0
-0.05174928303427894 0.007591161425946921 0
-0.05264731603789517 0.00719487013756148 0
-0.05353391721253049 0.006773640232869058 0
-0.05440653046384326 0.00632417588479692 0
-0.05526170648328772 0.00584239895659472 0
-0.05609466686990337 0.005323210529620733 0
-0.05689859159363847 0.004760190680364676 0
-0.0576634385705546 0.004145261659514784 0
-0.05837394447462502 0.003468485990468136 0
-0.05900636189108867 0.002718575316557875 0
-0.05952391848122414 0.001885813832021512 0
-0.0598741727056732 0.0009708461545664424 0